29 19
1 2 0 4 5 6 3 8 9 11 10 7 13 16 15 14 17 19 20 18 12
false

33 29
1 2 4 3 0 8 11 13 14 12 15 10 9 7 16 18 19 20 17 6 5
false

36 26
0 1 3 2 4 6 5 9 11 10 8 12 14 15 16 13 19 20 18 23 22 21 17 7
false

33 23
0 2 1 4 5 3 7 8 10 11 9 6 13 15 14 17 18 16 20 21 23 24 22 19 12
true

61 52
0 1 6 5 7 4 9 13 12 11 14 10 16 18 20 19 22 21 17 15 8 3 24 23 2
false

41 28
0 2 1 4 6 5 3 8 10 9 12 13 11 7 15 17 16 19 20 18 22 24 23 26 27 25 21 14
true

11 12
2 4 3 1 0 6 5 8 11 14 13 12 10 9 7
false

17 12
0 1 3 2 5 7 6 4 9 11 10 13 15 14 12 8
true

36 27
0 2 1 6 5 9 8 7 4 11 12 10 14 13 3 16 17 19 18 21 20 15
false

39 28
0 2 1 4 6 5 3 8 10 9 12 13 11 7 15 17 16 19 20 18 22 24 23 26 27 25 21 14
true

28 18
0 1 3 4 2 6 7 9 8 5 11 12 14 15 13 17 18 20 19 16 10
true

35 29
2 1 3 0 5 4 9 8 7 14 13 12 11 10 6 17 16 19 22 21 25 24 26 23 20 18 15
false

30 19
1 3 2 0 5 7 9 8 6 4 11 12 10 15 17 16 19 20 21 18 14 13
false

52 38
0 1 4 6 5 3 7 8 12 14 15 13 16 11 10 18 20 19 22 23 24 25 21 17 9 2 29 28 27 26
false

35 23
0 2 1 4 5 3 7 8 10 11 9 6 13 15 14 17 18 16 20 21 23 24 22 19 12
true

29 20
1 0 2 5 7 8 10 9 6 12 14 13 11 4 3 16 17 18 19 15
false

25 15
0 1 3 2 5 6 8 7 4 10 11 13 12 15 16 18 17 14 9
true

44 37
2 1 4 5 6 7 3 9 8 11 12 14 13 15 10 19 18 17 23 22 21 20 16 0
false

19 15
0 2 4 3 6 5 9 8 11 10 7 1 13 14 12
false

32 20
0 1 3 4 2 6 7 9 10 8 5 12 13 15 16 14 18 19 21 22 20 17 11
true

42 31
0 2 1 4 6 5 3 8 10 9 12 14 13 11 7 16 18 17 20 22 21 19 24 26 25 28 29 27 23 15
true

18 13
0 1 3 2 5 7 6 4 9 10 12 11 14 16 15 13 8
true

41 33
1 3 2 0 5 6 8 11 10 9 12 7 15 14 17 16 18 13 20 19 4
false

41 30
2 1 0 4 5 8 10 11 9 7 6 12 13 3 16 15 19 18 20 22 21 17 14 24 26 25 23
false

37 28
0 2 1 4 6 5 3 8 10 9 12 13 11 7 15 17 16 19 20 18 22 24 23 26 27 25 21 14
true

16 12
0 2 1 4 6 5 3 8 10 9 12 14 13 11 7
true

32 20
0 1 3 4 2 6 7 9 10 8 5 12 13 15 16 14 18 19 21 22 20 17 11
true

22 15
1 0 2 4 3 6 5 10 9 8 11 13 12 16 15 14 7
false

28 24
1 0 4 3 2 6 10 9 8 12 14 15 13 11 7 16 5
false

23 19
2 3 6 5 4 1 0 7 9 12 11 14 13 10 16 15 8
false

